1,55.460443037974684
2,46.704301075268816
3,40.84055118110236
4,56.36032388663968
5,52.90342679127726
6,51.106430155210646
7,56.381856540084385
8,48.37782340862423
9,56.85
10,4.130117376973032
11,5.176782806610351
12,6.088097823736053
13,7.496741225225723
14,8.428485482066755
15,10.509822451050676
16,11.37357443170506
17,12.23736964731153
18,14.75887678047426
19,16.71304839393511
20,21.146086871133516
21,23.81105782907303
22,35.28386040703365
23,44.72180410708526
24,76.53388946819604
25,80.1023359288098
26,48.5045871559633
27,41.695550351288055
28,45.05185185185185
29,46.701492537313435
30,66.92162554426706
31,62.801909307875896
32,68.50492610837438
33,80.76964769647697
34,68.94475138121547
35,36.74061433447099
36,48.116809116809115
37,58.911949685534594
38,43.73006134969325
39,59.24223602484472
40,66.84562211981567
41,59.938235294117646
42,76.28813559322033
43,58.45294117647059
44,36.439490445859875
45,6.755762232106753
46,53.733333333333334
47,50.14018691588785
48,45.973684210526315
49,47.70666666666666
50,5.991053273688491
51,0.28738251210481347
52,-2.9440697020798203
53,-2.6727945297612377
54,-3.8746156211562117
55,-6.112304274227677
56,38.361216730038024
57,42.09243697478992
58,45.75769230769231
59,53.751020408163264
60,-3.529934268964292
61,-2.9325517963909613
62,-3.7877049386125687
63,-2.6610291016448757
64,-2.242506382124315
65,-3.202316398573404
70,-1.2280172052286642
71,-0.3736797801883646
72,-1.711522661458684
73,-0.5166552249052324
74,-0.06332552833813641
75,-1.812396011120772
80,0.3636822357355415
81,0.8414012461330661
82,0.15400803057423443
83,0.9900616048862679
84,1.2464176151077704
85,0.317607211144496
90,2.2795614616143727
91,2.855201538718849
92,2.5532014946239294
93,3.0244557412832442
94,4.025323974926138
95,2.441245083412451
